cpu 1,0:
spring: 700, BE: 100%, DB: 200%
quarkus: 1800, BE 100%, DB: 300%

no cpu limit:
spring: 1300, BE: 200%, DB: 420%
quarkus: 2300, BE: 180%, DB: 430%

=============================== spring ================================= cpu limit
stress_test
5,5,50,14999,299928414,0,0,0,0,0,7956.7530182822,3929,7659,19551,52831,74367,90623,92863,92863,
5,10,100,29996,299929743,0,0,0,0,0,6602.5504381426,3303,5803,17199,42335,64127,77951,83519,83519,
5,15,150,44991,299927892,0,0,0,0,0,5702.9272225417,2797,4887,15871,29903,54239,78911,149631,149631,
5,20,200,59985,299922878,0,0,0,0,0,5262.2193392564,2697,4583,15015,25311,36639,47999,51871,55679,
5,25,250,74980,299927460,0,0,0,0,0,5196.5953899241,2635,4535,14983,24959,33087,46239,88831,103807,
5,30,300,89971,299926631,0,0,0,0,0,5131.5698197421,2603,4467,14855,24751,32111,41695,46943,49791,
5,35,350,104959,299925978,0,0,0,0,0,5182.1129288327,2567,4463,15127,25231,31903,43647,56991,70911,
5,40,400,119950,299927973,0,0,0,0,0,6765.4274780178,2581,4555,15575,29679,400383,528383,592383,604671,
5,45,450,134941,299929180,0,0,0,0,0,5245.8602922564,2625,4591,15111,25903,32335,41631,57151,65599,
5,50,500,149923,299926692,0,0,0,0,0,5595.5157526254,2603,4651,15791,27743,88767,214655,271871,288767,
5,55,550,164906,299924507,0,0,0,0,0,8593.0484554397,2637,4859,17007,61503,571391,809471,925695,1000447,
5,60,600,179899,299932128,0,0,0,0,0,6312.5558841977,2687,5151,17215,36991,111999,210175,269567,322047,
5,65,650,194877,299924440,0,0,0,0,0,8455.5870942727,2985,10271,22463,57599,117759,236543,305407,346623,
5,70,700,209841,299917030,0,0,0,0,0,26106.642359535,10351,29759,59647,262399,666111,935423,1049599,1168383,
5,75,750,211263,299920893,0,0,0,0,0,8841329.2814053,8593407,13762559,17235967,22216703,24395775,25165823,25280511,25313279,
5,80,800,210327,299921272,0,0,0,0,0,18153518.717158,17727487,27541503,33619967,39387135,42795007,45613055,46006271,46071807,
5,85,850,210102,299984974,0,0,0,0,0,26983081.781038,27410431,39223295,47022079,53805055,57016319,58163199,58523647,58523647,
5,90,900,210684,299972523,0,0,0,0,0,34100264.306163,33980415,50167807,59277311,67305471,70844415,74055679,74842111,74907647,
5,95,950,210657,299923483,0,0,0,0,0,40111674.51407,39682047,58949631,70713343,79429631,83296255,85262335,85524479,85590015,
5,100,1000,28513,40501010,0,0,0,0,0,7463472.6811731,7417855,9748479,11124735,12697599,13754367,14434303,14532607,14532607,
get_product_by_id
30,50,500,899959,1799996171,0,0,0,0,0,2275.1933324244,2271,2579,2867,3339,3787,4935,23055,36671,
get_products
30,10,100,180001,1800020442,0,0,0,0,0,17166.77741029,15935,20623,25119,42879,76735,945151,1055743,1064959,
post_product
30,50,500,899945,1799964563,0,0,0,0,0,11440.979707372,4419,5071,5727,303359,1022463,1420287,1489919,1526783,
delete_product
30,50,500,899959,1799997743,0,0,0,0,0,9984.2452602054,4311,4971,5623,277759,706047,880127,941055,992255,
endurance_test
8,50,500,14399497,28799933845,0,0,0,0,0,20643.782558285,16239,28799,41855,65535,100031,2340863,3483647,3880959,


=============================== quarkus ================================ cpu limit
stress_test
5,5,50,15000,299934551,0,0,0,0,0,6242.3590451221,4427,7163,12247,32623,45407,54431,55135,55135,
5,10,100,29995,299927312,0,0,0,0,0,5023.1347938589,3607,5823,9567,24783,40063,50751,52639,52639,
5,15,150,44990,299923737,0,0,0,0,0,4377.3791921608,3153,5155,8311,19231,32495,44671,62943,62943,
5,20,200,59986,299927488,0,0,0,0,0,3893.5139308203,2783,4707,7439,14863,26495,34527,40063,43359,
5,25,250,74981,299928824,0,0,0,0,0,3837.5859546452,2751,4691,7195,14247,25871,34047,45215,46815,
5,30,300,89971,299928993,0,0,0,0,0,3708.2719889566,2633,4559,7015,13463,24815,32959,43199,43999,
5,35,350,104961,299929500,0,0,0,0,0,3551.3978858309,2505,4431,6767,12407,21455,30671,37055,47743,
5,40,400,119601,300002944,0,0,0,0,0,10355.721963423,7999,14023,18911,43711,60511,108415,124351,125055,
5,45,450,134942,299928479,0,0,0,0,0,4032.4833892013,2599,4659,7559,16295,82303,180735,282367,286975,
5,50,500,149925,299925001,0,0,0,0,0,3753.7517537076,2511,4543,7215,13999,44511,140287,168319,177919,
5,55,550,164904,299916622,0,0,0,0,0,6057.9209782923,2537,4615,7423,17471,595455,778751,888319,945151,
5,60,600,179905,299942498,0,0,0,0,0,3682.4908305185,2503,4499,6963,13391,44511,122495,169983,173439,
5,65,650,194876,299919354,0,0,0,0,0,4899.7004574021,2557,4707,7699,19071,388863,586751,663039,672767,
5,70,700,209852,299914882,0,0,0,0,0,3602.7546918477,2471,4491,6823,12895,25663,133375,158335,162815,
5,75,750,224835,299917888,0,0,0,0,0,3876.2594183878,2463,4539,7059,14087,103935,226175,281087,296191,
5,80,800,239822,299927753,0,0,0,0,0,3863.509416204,2493,4563,7115,13799,99967,232319,301567,315647,
5,85,850,254799,299928194,0,0,0,0,0,3672.485187503,2535,4659,7071,13215,19007,31215,41663,48863,
5,90,900,269085,299930813,0,0,0,0,0,22662.738701047,18815,30367,44127,81855,105343,136575,182911,220415,
5,95,950,284751,299927723,0,0,0,0,0,4176.1790708246,2535,4699,7367,15079,158847,286975,368895,396543,
5,100,1000,299728,299929488,0,0,0,0,0,4119.3548215458,2549,4723,7483,15143,135423,230271,275711,321023,